SDD Version, SDDv1.0;
Software, TOPAS-nBio;
Author, NICE Team;
Simulation Details, Neutron Irradiation of a cubic cell nucleus model;
Source, Secondary particles of photoneutrons from a LINAC;
Source type, 2;
Incident particles, 100204;
Mean particle energy, 0;
Energy distribution, URL: https://github.com/McGillMedPhys/topas_clustered_dna_damage/tree/master/spectra;
Particle fraction, 1.0;
Dose or fluence, 1, 0.015;
Dose rate, 0.0;
Irradiation target, Full human cubic shape nuclear DNA model containing ~6.3 Gbp constructed using voxels;
Volumes, 1,7.816,7.816,7.816,0,0,0,1,3.901,3.901,3.901,0,0,0;
Chromosome sizes, 46, 263.2,258.1,212.4,203.4,192.2,181.8,168.8,155.5,149.4,144.0,142.9,140.8,121.3,113.0,106.9,94.7,83.5,81.0,68.0,66.6,50.0,52.6,263.2,258.1,212.4,203.4,192.2,181.8,168.8,155.5,149.4,144.0,142.9,140.8,121.3,113.0,106.9,94.7,83.5,81.0,68.0,66.6,50.0,52.6,61.6,165.2;
DNA Density, 13.3;
Cell Cycle Phase, 0,1;
DNA Structure, 0,1;
In vitro / in vivo, 0;
Proliferation status, 1;
Microenvironment, ;
Damage definition, 1,0,10,10,17.5;
Time, 0;
Damage and primary count, 47, 1;
Data entries, 1, 1, 1, 1, 1, 1, 1, 0, 0, 0, 0, 0, 0, 0;
Additional information, ;
***EndOfHeader***;
2, 0; -0.809298, -3.244337, 1.555115 / -0.808930, -3.243126, 1.555178 / -0.809665, -3.245548, 1.555053; 0, 23 ,1 , 0;0.297694297112462; 2, 2, 1; 1, 2, 1; 1, 1, 1 / 5, 2, 1 / 7, 4, 2;
0, 0; -1.008453, -2.939037, 1.574061 / -1.007956, -2.938889, 1.575497 / -1.008950, -2.939184, 1.572625; 0, 7 ,1 , 1;0.44063418246445496; 2, 1, 1; 0, 2, 1; 1, 1, 2 / 8, 4, 1;
0, 0; -1.018623, -2.923996, 1.573479 / -1.018181, -2.923722, 1.573610 / -1.019065, -2.924269, 1.573348; 0, 7 ,1 , 1;0.44064259478672985; 2, 2, 2; 2, 2, 1; 1, 3, 1 / 1, 3, 2 / 1, 4, 2 / 3, 1, 1;
0, 0; -1.178309, -2.676377, 1.589013 / -1.178131, -2.675889, 1.589116 / -1.178486, -2.676866, 1.588910; 0, 7 ,1 , 1;0.44768398696682465; 1, 0, 2; 0, 2, 1; 1, 4, 2 / 6, 1, 2;
0, 0; -1.183999, -2.671432, 1.589101 / -1.183960, -2.670714, 1.589342 / -1.184037, -2.672150, 1.588860; 0, 7 ,1 , 1;0.4476834004739336; 1, 0, 3; 1, 2, 1; 1, 3, 2 / 1, 4, 2 / 6, 1, 2;
0, 0; -1.302730, -2.494213, 1.599698 / -1.301479, -2.493710, 1.599907 / -1.303982, -2.494715, 1.599489; 0, 7 ,1 , 1;0.4621949644549763; 0, 3, 0; 1, 2, 1; 1, 1, 1 / 7, 3, 1 / 7, 4, 1;
0, 0; -1.306923, -2.486826, 1.600847 / -1.306868, -2.486126, 1.601521 / -1.306978, -2.487525, 1.600172; 0, 7 ,1 , 1;0.46219523104265403; 0, 3, 0; 1, 2, 1; 1, 1, 1 / 1, 3, 1 / 2, 4, 1;
0, 0; -1.336047, -2.445513, 1.601344 / -1.335969, -2.444916, 1.601866 / -1.336126, -2.446110, 1.600821; 0, 7 ,1 , 1;0.46080430687203794; 2, 2, 1; 1, 2, 1; 1, 1, 1 / 3, 3, 1 / 4, 4, 2;
0, 0; -1.340263, -2.436522, 1.604509 / -1.340055, -2.435682, 1.605853 / -1.340470, -2.437362, 1.603164; 0, 7 ,1 , 1;0.46080355450236965; 2, 2, 1; 1, 2, 1; 1, 4, 2 / 4, 3, 1 / 10, 1, 1;
0, 0; -1.353088, -2.417066, 1.604699 / -1.352655, -2.416407, 1.604740 / -1.353521, -2.417725, 1.604658; 0, 7 ,1 , 1;0.4607937973933649; 0, 2, 0; 0, 2, 1; 1, 4, 1 / 2, 1, 1;
0, 0; -1.545251, -2.127737, 1.623009 / -1.544545, -2.127650, 1.623084 / -1.545957, -2.127824, 1.622933; 0, 7 ,1 , 1;0.5246480390995261; 0, 2, 0; 0, 2, 1; 1, 1, 1 / 2, 4, 1;
0, 0; -1.721149, -1.862249, 1.639229 / -1.720437, -1.861790, 1.639487 / -1.721861, -1.862708, 1.638972; 0, 7 ,1 , 1;0.5747176718009479; 0, 2, 0; 0, 2, 1; 1, 4, 1 / 7, 1, 1;
0, 0; -1.721171, -1.862438, 1.642844 / -1.720700, -1.861916, 1.643387 / -1.721642, -1.862960, 1.642301; 0, 7 ,1 , 1;0.5747167654028436; 0, 2, 0; 0, 2, 1; 1, 1, 1 / 3, 4, 1;
0, 0; -1.722908, -1.857695, 1.640617 / -1.722532, -1.857484, 1.640724 / -1.723285, -1.857906, 1.640511; 0, 7 ,1 , 1;0.5747166706161138; 0, 2, 0; 0, 2, 1; 1, 4, 1 / 3, 1, 1;
0, 0; -1.726329, -1.853985, 1.638944 / -1.725546, -1.852779, 1.638995 / -1.727113, -1.855191, 1.638892; 0, 7 ,1 , 1;0.5747165639810426; 0, 2, 0; 0, 2, 1; 1, 1, 1 / 8, 4, 1;
0, 0; -1.772893, -1.782346, 1.641671 / -1.772142, -1.782233, 1.641937 / -1.773644, -1.782459, 1.641405; 0, 7 ,1 , 1;0.6332722808056872; 2, 1, 1; 0, 2, 1; 1, 1, 2 / 5, 4, 1;
0, 0; -1.777213, -1.774904, 1.641624 / -1.777043, -1.774634, 1.642072 / -1.777384, -1.775175, 1.641176; 0, 7 ,1 , 1;0.6332720971563981; 0, 3, 0; 1, 2, 1; 1, 2, 1 / 1, 4, 1 / 3, 1, 1;
0, 0; -1.777945, -1.775517, 1.641427 / -1.777230, -1.775412, 1.642063 / -1.778660, -1.775622, 1.640791; 0, 7 ,1 , 1;0.63327211492891; 2, 1, 1; 0, 2, 1; 1, 1, 1 / 2, 4, 2;
0, 0; -1.818871, -1.710096, 1.645425 / -1.818831, -1.709645, 1.646267 / -1.818911, -1.710547, 1.644583; 0, 7 ,1 , 1;0.6170768957345971; 2, 2, 1; 1, 2, 1; 1, 3, 1 / 1, 4, 1 / 4, 1, 2;
0, 0; -1.821627, -1.704649, 1.644792 / -1.820769, -1.704331, 1.644917 / -1.822485, -1.704968, 1.644667; 0, 7 ,1 , 1;0.617076404028436; 2, 1, 1; 0, 2, 1; 1, 1, 1 / 6, 4, 2;
0, 0; -1.822874, -1.703832, 1.644688 / -1.822671, -1.703507, 1.644699 / -1.823078, -1.704157, 1.644678; 0, 7 ,1 , 1;0.6170764395734597; 0, 2, 0; 0, 2, 1; 1, 4, 1 / 5, 1, 1;
0, 0; -1.823441, -1.703251, 1.645518 / -1.823126, -1.702761, 1.645766 / -1.823756, -1.703740, 1.645270; 0, 7 ,1 , 1;0.6170759952606635; 0, 2, 0; 0, 2, 1; 1, 4, 1 / 6, 1, 1;
0, 0; -1.827154, -1.695114, 1.645364 / -1.826003, -1.693519, 1.645599 / -1.828304, -1.696710, 1.645129; 0, 7 ,1 , 1;0.6170752962085309; 2, 5, 3; 6, 2, 1; 1, 1, 2 / 1, 2, 1 / 6, 3, 1 / 7, 3, 1 / 8, 3, 1 / 9, 2, 2 / 11, 3, 1 / 11, 4, 2;
0, 0; -1.893535, -1.593337, 1.647874 / -1.892149, -1.592945, 1.647989 / -1.894921, -1.593728, 1.647759; 0, 7 ,1 , 1;0.6179232345971564; 2, 1, 1; 0, 2, 1; 1, 1, 2 / 9, 4, 1;
0, 0; -1.898777, -1.583762, 1.648431 / -1.897598, -1.583603, 1.649059 / -1.899956, -1.583921, 1.647803; 0, 7 ,1 , 1;0.6179240047393365; 2, 2, 3; 3, 2, 1; 1, 1, 1 / 5, 3, 1 / 6, 2, 2 / 7, 2, 2 / 8, 4, 2;
0, 0; -2.014106, -1.394478, 1.654195 / -2.014022, -1.392631, 1.655261 / -2.014189, -1.396325, 1.653128; 0, 7 ,1 , 1;0.6957154917061611; 1, 0, 2; 0, 2, 1; 1, 1, 2 / 10, 4, 2;
0, 0; -2.014573, -1.395898, 1.652210 / -2.014479, -1.395031, 1.652475 / -2.014666, -1.396765, 1.651946; 0, 7 ,1 , 1;0.6957155331753555; 2, 1, 1; 0, 2, 1; 1, 1, 2 / 4, 4, 1;
0, 0; -2.063757, -1.312171, 1.653829 / -2.062860, -1.310926, 1.653925 / -2.064654, -1.313417, 1.653733; 0, 7 ,1 , 1;0.6969866943127963; 2, 1, 1; 0, 2, 1; 1, 4, 1 / 10, 1, 2;
0, 0; -2.077696, -1.295344, 1.655746 / -2.077351, -1.295098, 1.655843 / -2.078042, -1.295591, 1.655649; 0, 7 ,1 , 1;0.6969882879146919; 0, 2, 0; 0, 2, 1; 1, 4, 1 / 5, 1, 1;
0, 0; -2.119696, -1.234247, 1.656917 / -2.119339, -1.234102, 1.657316 / -2.120054, -1.234392, 1.656518; 0, 7 ,1 , 1;0.7016880094786729; 1, 0, 2; 0, 2, 1; 1, 1, 2 / 5, 4, 2;
0, 0; -2.122221, -1.224226, 1.658144 / -2.121998, -1.223888, 1.658603 / -2.122444, -1.224565, 1.657685; 0, 7 ,1 , 1;0.701689182464455; 0, 3, 0; 1, 2, 1; 1, 4, 1 / 2, 1, 1 / 2, 2, 1;
0, 0; -2.168851, -1.148120, 1.659382 / -2.168056, -1.147919, 1.659892 / -2.169647, -1.148320, 1.658873; 0, 7 ,1 , 1;0.718019336492891; 0, 3, 0; 1, 2, 1; 1, 4, 1 / 6, 1, 1 / 6, 3, 1;
0, 0; -2.172729, -1.138953, 1.664504 / -2.172081, -1.138736, 1.664589 / -2.173377, -1.139170, 1.664420; 0, 7 ,1 , 1;0.7180137736966825; 2, 1, 1; 0, 2, 1; 1, 4, 1 / 5, 1, 2;
0, 0; -2.296385, -0.944711, 1.666113 / -2.295731, -0.944305, 1.666114 / -2.297040, -0.945117, 1.666113; 0, 7 ,1 , 1;0.7168697037914692; 2, 2, 1; 1, 2, 1; 1, 4, 2 / 4, 3, 1 / 6, 1, 1;
0, 0; -2.297890, -0.943224, 1.665121 / -2.297198, -0.942723, 1.665177 / -2.298581, -0.943725, 1.665065; 0, 7 ,1 , 1;0.7168701895734597; 0, 2, 0; 0, 2, 1; 1, 1, 1 / 5, 4, 1;
0, 0; -2.298021, -0.942427, 1.665692 / -2.297481, -0.941526, 1.665735 / -2.298561, -0.943329, 1.665649; 0, 7 ,1 , 1;0.7168697452606635; 2, 1, 1; 0, 2, 1; 1, 1, 2 / 7, 4, 1;
0, 0; -2.299089, -0.941547, 1.666441 / -2.297624, -0.940198, 1.666700 / -2.300555, -0.942896, 1.666182; 0, 7 ,1 , 1;0.7168697571090047; 1, 0, 3; 1, 2, 1; 1, 1, 2 / 11, 2, 2 / 11, 4, 2;
0, 0; -2.299125, -0.942397, 1.664831 / -2.298853, -0.941988, 1.664906 / -2.299396, -0.942805, 1.664755; 0, 7 ,1 , 1;0.7168702191943128; 0, 2, 0; 0, 2, 1; 1, 4, 1 / 5, 1, 1;
0, 0; -2.299272, -0.940053, 1.665856 / -2.298710, -0.938819, 1.665979 / -2.299834, -0.941288, 1.665734; 0, 7 ,1 , 1;0.7168697985781991; 0, 2, 0; 0, 2, 1; 1, 1, 1 / 9, 4, 1;
0, 0; -2.299719, -0.942301, 1.664488 / -2.299715, -0.941605, 1.664562 / -2.299723, -0.942998, 1.664415; 0, 7 ,1 , 1;0.7168702251184834; 0, 2, 0; 0, 2, 1; 1, 4, 1 / 5, 1, 1;
0, 0; -2.302938, -0.922788, 1.670554 / -2.302312, -0.922472, 1.670924 / -2.303565, -0.923105, 1.670184; 0, 7 ,1 , 1;0.7168662736966824; 1, 0, 2; 0, 2, 1; 1, 1, 2 / 4, 4, 2;
0, 0; -2.308821, -0.925520, 1.666863 / -2.308373, -0.925115, 1.667200 / -2.309268, -0.925925, 1.666525; 0, 7 ,1 , 1;0.7168668720379147; 1, 0, 2; 0, 2, 1; 1, 4, 2 / 3, 1, 2;
0, 0; -2.309761, -0.920479, 1.666135 / -2.309365, -0.919799, 1.666446 / -2.310156, -0.921159, 1.665824; 0, 7 ,1 , 1;0.7168669727488152; 2, 1, 1; 0, 2, 1; 1, 1, 1 / 3, 4, 2;
0, 0; -2.310162, -0.920742, 1.666665 / -2.309620, -0.920158, 1.666911 / -2.310704, -0.921327, 1.666419; 0, 7 ,1 , 1;0.7168669668246446; 0, 2, 0; 0, 2, 1; 1, 1, 1 / 2, 4, 1;
0, 0; -2.464230, -0.675339, 1.671967 / -2.463943, -0.674149, 1.672453 / -2.464517, -0.676529, 1.671482; 0, 4 ,1 , 1;0.36527988692232055; 2, 1, 1; 0, 2, 1; 1, 1, 2 / 7, 4, 1;
0, 0; -2.472940, -0.659228, 1.673765 / -2.471386, -0.658352, 1.674259 / -2.474495, -0.660105, 1.673271; 0, 4 ,1 , 1;0.3652823008849558; 2, 1, 1; 0, 2, 1; 1, 1, 1 / 9, 4, 2;
0, 0; -2.473150, -0.661665, 1.674992 / -2.472532, -0.661171, 1.675089 / -2.473767, -0.662159, 1.674894; 0, 4 ,1 , 1;0.36528342182890855; 1, 0, 2; 0, 2, 1; 1, 1, 2 / 6, 4, 2;
